n_particles: 1000

# Min and Max positions of particles
mins: [-.15, -.125, 0, -3.141592, -3.141592, -3.141592]
maxs: [.15, .125, .4, 3.141592, 3.141592, 3.141592]
