%YAML:1.0
---
aruco_bc_dict: ARUCO_MIP_36h12
aruco_bc_nmarkers: 35
aruco_bc_mInfoType: 0
aruco_bc_markers:
   - { id:127, corners:[ [ -1250., -1250., 0. ], [ -750., -1250., 0. ],
       [ -750., -1750., 0. ], [ -1250., -1750., 0. ] ] }
   - { id:230, corners:[ [ -650., -1250., 0. ], [ -150., -1250., 0. ], [
       -150., -1750., 0. ], [ -650., -1750., 0. ] ] }
   - { id:76, corners:[ [ -50., -1250., 0. ], [ 450., -1250., 0. ], [
       450., -1750., 0. ], [ -50., -1750., 0. ] ] }
   - { id:128, corners:[ [ 550., -1250., 0. ], [ 1050., -1250., 0. ], [
       1050., -1750., 0. ], [ 550., -1750., 0. ] ] }
   - { id:83, corners:[ [ 1150., -1250., 0. ], [ 1650., -1250., 0. ], [
       1650., -1750., 0. ], [ 1150., -1750., 0. ] ] }
   - { id:132, corners:[ [ -1250., -650., 0. ], [ -750., -650., 0. ], [
       -750., -1150., 0. ], [ -1250., -1150., 0. ] ] }
   - { id:203, corners:[ [ -650., -650., 0. ], [ -150., -650., 0. ], [
       -150., -1150., 0. ], [ -650., -1150., 0. ] ] }
   - { id:117, corners:[ [ -50., -650., 0. ], [ 450., -650., 0. ], [
       450., -1150., 0. ], [ -50., -1150., 0. ] ] }
   - { id:190, corners:[ [ 550., -650., 0. ], [ 1050., -650., 0. ], [
       1050., -1150., 0. ], [ 550., -1150., 0. ] ] }
   - { id:106, corners:[ [ 1150., -650., 0. ], [ 1650., -650., 0. ], [
       1650., -1150., 0. ], [ 1150., -1150., 0. ] ] }
   - { id:158, corners:[ [ -1250., -50., 0. ], [ -750., -50., 0. ], [
       -750., -550., 0. ], [ -1250., -550., 0. ] ] }
   - { id:139, corners:[ [ -650., -50., 0. ], [ -150., -50., 0. ], [
       -150., -550., 0. ], [ -650., -550., 0. ] ] }
   - { id:115, corners:[ [ -50., -50., 0. ], [ 450., -50., 0. ], [ 450.,
       -550., 0. ], [ -50., -550., 0. ] ] }
   - { id:235, corners:[ [ 550., -50., 0. ], [ 1050., -50., 0. ], [
       1050., -550., 0. ], [ 550., -550., 0. ] ] }
   - { id:162, corners:[ [ 1150., -50., 0. ], [ 1650., -50., 0. ], [
       1650., -550., 0. ], [ 1150., -550., 0. ] ] }
   - { id:33, corners:[ [ -1250., 550., 0. ], [ -750., 550., 0. ], [
       -750., 50., 0. ], [ -1250., 50., 0. ] ] }
   - { id:105, corners:[ [ -650., 550., 0. ], [ -150., 550., 0. ], [
       -150., 50., 0. ], [ -650., 50., 0. ] ] }
   - { id:101, corners:[ [ -50., 550., 0. ], [ 450., 550., 0. ], [ 450.,
       50., 0. ], [ -50., 50., 0. ] ] }
   - { id:17, corners:[ [ 550., 550., 0. ], [ 1050., 550., 0. ], [ 1050.,
       50., 0. ], [ 550., 50., 0. ] ] }
   - { id:98, corners:[ [ 1150., 550., 0. ], [ 1650., 550., 0. ], [
       1650., 50., 0. ], [ 1150., 50., 0. ] ] }
   - { id:120, corners:[ [ -1250., 1150., 0. ], [ -750., 1150., 0. ], [
       -750., 650., 0. ], [ -1250., 650., 0. ] ] }
   - { id:36, corners:[ [ -650., 1150., 0. ], [ -150., 1150., 0. ], [
       -150., 650., 0. ], [ -650., 650., 0. ] ] }
   - { id:197, corners:[ [ -50., 1150., 0. ], [ 450., 1150., 0. ], [
       450., 650., 0. ], [ -50., 650., 0. ] ] }
   - { id:135, corners:[ [ 550., 1150., 0. ], [ 1050., 1150., 0. ], [
       1050., 650., 0. ], [ 550., 650., 0. ] ] }
   - { id:130, corners:[ [ 1150., 1150., 0. ], [ 1650., 1150., 0. ], [
       1650., 650., 0. ], [ 1150., 650., 0. ] ] }
   - { id:65, corners:[ [ -1250., 1750., 0. ], [ -750., 1750., 0. ], [
       -750., 1250., 0. ], [ -1250., 1250., 0. ] ] }
   - { id:118, corners:[ [ -650., 1750., 0. ], [ -150., 1750., 0. ], [
       -150., 1250., 0. ], [ -650., 1250., 0. ] ] }
   - { id:80, corners:[ [ -50., 1750., 0. ], [ 450., 1750., 0. ], [ 450.,
       1250., 0. ], [ -50., 1250., 0. ] ] }
   - { id:11, corners:[ [ 550., 1750., 0. ], [ 1050., 1750., 0. ], [
       1050., 1250., 0. ], [ 550., 1250., 0. ] ] }
   - { id:2, corners:[ [ 1150., 1750., 0. ], [ 1650., 1750., 0. ], [
       1650., 1250., 0. ], [ 1150., 1250., 0. ] ] }
   - { id:25, corners:[ [ -1250., 2350., 0. ], [ -750., 2350., 0. ], [
       -750., 1850., 0. ], [ -1250., 1850., 0. ] ] }
   - { id:44, corners:[ [ -650., 2350., 0. ], [ -150., 2350., 0. ], [
       -150., 1850., 0. ], [ -650., 1850., 0. ] ] }
   - { id:122, corners:[ [ -50., 2350., 0. ], [ 450., 2350., 0. ], [
       450., 1850., 0. ], [ -50., 1850., 0. ] ] }
   - { id:90, corners:[ [ 550., 2350., 0. ], [ 1050., 2350., 0. ], [
       1050., 1850., 0. ], [ 550., 1850., 0. ] ] }
   - { id:55, corners:[ [ 1150., 2350., 0. ], [ 1650., 2350., 0. ], [
       1650., 1850., 0. ], [ 1150., 1850., 0. ] ] }
